base_link 26
(-0.25 -0.15 0.34 0.1)
(-0.25 0.0 0.34 0.1)
(-0.25 0.15 0.34 0.1)
(-0.25 -0.15 0.44 0.1)
(-0.25 0.0 0.44 0.1)
(-0.25 0.15 0.44 0.1)
(-0.25 -0.15 0.34 0.1)
(-0.25 0.0 0.34 0.1)
(-0.25 0.15 0.34 0.1)
(-0.26 -0.25 0.2 0.1)
(-0.26 0.0 0.2 0.1)
(-0.26 0.25 0.2 0.1)
(-0.26 -0.25 0.1 0.1)
(-0.26 0.0 0.1 0.1)
(-0.26 0.25 0.1 0.1)
(0.26 -0.25 0.2 0.1)
(0.26 0.000 0.2 0.1)
(0.26 0.250 0.2 0.1)
(0.26 -0.25 0.1 0.1)
(0.26 0.000 0.2 0.1)
(0.26 0.250 0.1 0.1)
(0.26 0.0 0.25 0.1)
(0.06 -0.25 0.2 0.1)
(-0.06 -0.25 0.2 0.1)
(0.06 0.25 0.2 0.1)
(-0.06 0.25 0.2 0.1)
head_pan_link 3
(0.1 0.09 0.075 0.1)
(0.1 0.00 0.075 0.1)
(0.1 -0.09 0.075 0.1)
l_elbow_flex_link 3
(0.06 0.005 0.00 0.1)
(0.16 0.00 0.00 0.1)
(0.26 -0.005 0.00 0.1)
l_shoulder_lift_link 4
(0.1 0.00 0.0 0.1)
(0.2 0.00 0.0 0.1)
(0.3 0.00 0.0 0.1)
(0.4 0.00 0.0 0.1)
l_wrist_roll_link 2
(0.08 0.0 0.00 0.1)
(0.14 0.0 0.00 0.1)
r_elbow_flex_link 3
(0.06 0.005 0.00 0.1)
(0.16 0.00 0.00 0.1)
(0.26 -0.005 0.00 0.1)
r_shoulder_lift_link 4
(0.1 0.00 0.0 0.1)
(0.2 0.00 0.0 0.1)
(0.3 0.00 0.0 0.1)
(0.4 0.00 0.0 0.1)
r_wrist_roll_link 2
(0.08 0.0 0.00 0.1)
(0.14 0.0 0.00 0.1)
torso_lift_link 24
(0.09 0.05 0.23 0.1)
(0.09 -0.05 0.23 0.1)
(0.06 0.16 0.23 0.1)
(0.06 -0.16 0.23 0.1)
(-0.21 -0.13 0.18 0.1)
(-0.21 0.13 0.18 0.1)
(-0.21 -0.13 0.08 0.1)
(-0.21 0.13 0.08 0.1)
(-0.21 -0.13 -0.02 0.1)
(-0.21 0.13 -0.02 0.1)
(-0.21 -0.13 -0.12 0.1)
(-0.21 0.13 -0.12 0.1)
(-0.21 -0.13 -0.22 0.1)
(-0.21 0.13 -0.22 0.1)
(-0.21 -0.15 -0.32 0.1)
(-0.21 0.13 -0.32 0.1)
(-0.21 -0.15 -0.42 0.1)
(-0.21 0.13 -0.42 0.1)
(-0.00 -0.25 -0.45 0.1)
(-0.00 0.25 -0.45 0.1)
(-0.00 -0.25 -0.35 0.1)
(-0.00 0.25 -0.35 0.1)
(-0.00 -0.25 -0.25 0.1)
(-0.00 0.25 -0.25 0.1)
